Fiona Antwi 6789078 89 89 89 89 89 89 89 89 89 6 F
VInce Churchill 7085674 89 89 89 89 89 89 89 89 89 6 M
Vince Ankrah 7086789 89 89 99 89 8 89 89 89 89 6 M
Addo Riches 7896543 89 89 89 89 89 89 89 89 89  6 M
Kwame Despite 8908909 54 43 54 43 54 43 54 43 54  20 M
Owusu Mensah 8907651 34 45 54 54 32 43 34 54 12  21 m
Samuel Ocran 7864532 12 23 23 32 21 23 21 21 12  30 m
Gabby Dzakuma 7891231 89 89 89 90 89 90 89 89 90  6 f
Janet Bondie 6789012 76 34 45 34 45 55 67 23 23  22 f
James Bond 6767671 45 78 89 90 21 34 56 67 78  12 M
Ayiku Boateng 7894561 12 12 12 12 12 12 12 12 12  30 f